14297
31255
48913
42757
32457
83309
43993
75166
15999
45101
69170
81245
66681
57723
60329
46153
94988
67482
25450
36852
47162
10156
48566
90818
14374
6633
85731
22137
62274
34974
92644
83658
82101
7651
69370
82997
18213
62147
94015
74848
71069
68097
44276
42411
9613
64800
73467
36716
52464
69219
15896
64176
93429
36457
45431
99931
53637
12222
613
57361
39885
89958
19863
62630
76845
74057
1132
67157
59345
54986
11768
80679
40198
22176
26417
22842
28916
76157
63458
72266
27125
52705
23778
38563
67616
38643
9603
95042
55704
41490
15669
87627
33936
73254
40176
78997
4165
22468
58787
96021
44628
17957
41347
23289
53913
32818
68043
25847
38537
37777
19427
90221
36383
89337
72985
44388
34315
30017
37915
54566
95067
85515
99253
99505
55839
66782
22752
91459
99033
23731
92638
47057
24168
51733
15842
11032
69269
22054
28340
1070
39856
93033
81920
73030
4182
60078
72974
2335
4460
19441
98860
39573
15568
53262
91931
26149
55068
91509
86476
49304
11399
70216
19658
74906
10667
84820
53922
21095
86742
32392
35433
26233
54197
47244
70744
20536
9141
60628
12223
32373
99094
57144
91680
47396
9791
58012
31191
91530
14180
34493
90281
27272
16840
43498
79447
36868
5700
81863
81420
15613
92126
75740
73597
13868
80354
57223
37789
47340
57703
31602
76692
41753
38137
5512
30443
90249
23464
28784
1147
79678
68835
938
48475
85414
52201
7026
15190
43390
50978
76946
77909
82781
23426
7335
95460
43061
77108
45826
44868
5162
82276
13706
93282
37994
54160
34901
53124
98838
84843
46764
7244
28920
52814
91242
71082
53961
76240
23804
79615
33559
4622
31891
48289
2968
62753
24667
59215
16186
70746
41508
66545
30206
64381
27910
98287
66870
31150
44426
55694
50974
59116
6727
75971
51113
68042
3051
29167
43182
55274
99067
65947
75584
42428
19562
19369
39833
53218
91406
90822
40648
87584
42867
17970
15525
82791
80629
30851
75397
68283
7773
51193
25189
27792
3468
79564
75889
79602
58307
45169
78251
73821
47951
63867
92287
84142
32162
61445
56432
40828
86326
71218
35615
11480
8201
7707
8379
86682
93895
51432
99827
68690
43990
53819
79345
93098
43223
85712
19891
35760
55300
8237
59109
70248
88176
40470
11592
44726
14537
34885
56338
41378
77233
48524
63761
66359
70055
15568
32603
93771
60531
85252
78629
53230
13294
88006
54252
7373
80098
32269
81010
12981
45717
14556
45326
97412
57716
46219
42015
10628
22476
61711
49749
32348
19888
75250
88005
23733
74772
95449
35971
13468
24333
90755
90484
99259
37870
22511
2276
27461
77492
26955
57623
85949
36697
32686
65966
8308
57480
45906
73145
41051
6009
22181
44606
69798
81936
70505
53245
35215
47048
3153
62553
95013
85239
53067
17267
4396
47671
29487
40959
94109
94527
72066
92835
22590
17877
93887
54450
66711
18981
74605
1143
94225
17711
76369
62702
30257
91829
7201
93099
90043
79476
49232
50087
625
29509
2451
32040
75296
51219
68575
31625
36357
97467
14183
43713
4085
13446
7456
8420
82819
97020
18633
79220
78674
46004
10751
80797
77626
12754
24261
61642
97601
47101
76811
52333
3647
84902
57766
12039
41420
31408
95980
82998
936
96152
18876
75526
69896
59194
1057
74600
73904
87355
21502
93131
29485
73452
9782
96733
55066
41558
63829
90148
94933
46972
64426
86444
11687
845
94920
76662
93802
66301
98555
79816
6661
5418
70410
80983
87782
4563
86054
58660
49949
69379
14881
61664
9583
60068
52483
20543
1894
32671
33472
68822
79266
62688
53852
5326
14765
53616
40330
50455
48820
74934
52883
36438
23828
31522
96458
24472
48818
39699
47841
60082
24297
73798
74551
62124
35991
51610
34018
90571
95481
47038
93390
53543
65531
53953
2936
95000
58459
76517
89379
51105
36965
88115
9357
75466
78603
83575
17800
11300
87419
47502
61178
32020
49294
75304
1362
80824
31110
12887
12283
14577
18141
26037
68623
97603
68879
71126
63431
96969
42045
15050
49874
2425
16611
44224
1266
31351
82422
9958
23037
81924
26354
80677
30518
66163
76934
10251
27189
88575
98981
86053
79479
35858
49029
90413
86259
8439
12202
94770
83825
55578
41645
7090
10499
72344
12784
10019
78873
79010
86385
59757
68293
31199
46768
63784
55343
2603
44505
19333
45891
41169
26556
73914
58702
24354
81036
64196
37636
29380
58655
204
37175
90377
58372
88066
34276
35891
80932
26428
68500
87440
60646
69182
1926
52611
83202
20288
20493
64692
85229
15256
69268
4873
9972
48226
25520
92770
62681
23634
65556
46378
69169
47056
73941
93488
91472
21134
77021
63191
95695
79359
56609
98327
98812
72996
14232
7513
43612
24614
11502
18911
63912
75418
8015
6914
5813
82996
54558
37679
65007
71112
76487
19750
84979
93807
99811
51964
36470
52351
30799
32447
64672
95493
98883
29664
47337
40940
12153
19369
54389
79193
54925
59727
37585
59582
77683
10967
7388
12781
91079
5646
73477
34083
77773
40914
35136
37351
78542
95156
8314
90856
92385
67928
67196
63090
54310
4361
59915
39159
18984
92989
30377
16515
83675
19464
41149
52552
29634
17647
45993
15994
47565
84331
4864
88991
39838
14132
69033
77537
59784
67074
89521
14038
56718
2964
18095
77788
44261
3860
76874
16628
99083
58767
69894
26179
27352
3158
98021
31852
6997
89991
17185
23198
25300
18610
49151
10197
83396
63241
13920
6728
31920
23749
3318
97720
35357
67926
56471
13404
36579
46750
29574
16577
7572
41922
74751
6946
27574
48428
55778
60395
25627
3953
32049
50412
60954
51686
36422
43907
91657
63397
57422
24344
99889
55600
11792
71329
99942
3219
59463
17734
54655
92374
69798
12917
65048
56731
95273
43785
78314
10335
46800
4167
80063
23888
93471
57410
98160
91200
28758
7094
47532
97813
55067
76417
88026
34796
39028
98075
50649
97271
81018
33353
11512
69449
24147
71667
57290
25774
315
9930
91225
71243
73917
74895
74481
3041
97404
31021
84100
346
37131
11428
95845
39493
62795
20144
67889
87616
19261
80125
9644
49517
15663
43420
68887
29677
73437
37378
59967
24168
72285
93926
85979
75689
21050
97729
78654
9036
59138
93431
91089
13987
63298
12199
30533
57975
94485
13432
11096
91816
70012
88779
39546
58392
87270
42473
21313
26357
57092
44559
88339
48803
27161
51681
5594
90241
88860
3916
8909
74364
64573
35484
63149
79762
