31
155
202
209
338
360
409
499
538
551
712
892
918
968
979
1008
1071
1094
1138
1168
1328
1372
1412
1483
1528
1558
1731
1736
2003
2007
2128
2390
2501
2576
2706
2726
2918
2954
3009
3283
3289
3377
3386
3493
4274
4309
4501
4525
4595
4667
4668
4713
4889
4907
4944
5097
5136
5267
5448
5472
5563
5570
5600
5648
5888
6293
6311
6533
6752
7020
7096
7167
7167
7189
7333
7356
7448
7520
7765
7843
8164
8291
8315
8660
8740
8874
8880
8913
8978
8998
9085
9167
9224
9292
9579
9871
10166
10327
10506
10535
10588
10660
10868
10955
10983
11165
11243
11347
11398
11578
11643
11678
11764
11788
11852
11916
12026
12274
12283
12290
12305
12439
12507
12594
12608
12644
12693
13035
13300
13423
13525
13648
14068
14135
14228
14720
14781
14948
15096
15104
15194
15249
15312
15370
15428
15434
15479
15549
15589
15647
15648
15706
15721
15747
15792
15931
16089
16117
16277
16435
16470
16549
16592
16596
16615
16863
16930
17202
17222
17429
17448
17630
17800
17935
17959
17974
18162
18444
18758
18844
18859
18891
18959
18963
18974
19017
19075
19184
19327
19469
19504
19587
19593
19752
19760
19870
19893
20125
20146
20333
20432
20687
20713
20735
20774
20865
20879
20968
21026
21379
21452
21509
21656
21719
21778
21878
21919
22195
22323
22335
22400
22434
22457
22540
22608
23360
23401
23493
23542
23593
23636
23664
23712
23769
23805
23901
24083
24097
24166
24285
24333
24377
24653
24677
25044
25200
25201
25240
25287
25298
25415
25446
25846
25944
26028
26211
26254
26315
26531
26634
26744
27039
27150
27365
27368
27379
27412
27538
27585
28072
28266
28299
28310
28349
28354
28387
28397
28431
28447
28448
28493
28552
28686
28736
28861
29290
29310
29412
29494
29611
29679
29882
29961
30006
30106
30194
30262
30579
30624
30750
30795
30947
30962
31173
31227
31285
31303
31350
31376
31440
31728
31778
31824
31955
31969
32000
32217
32327
32331
32481
32559
32579
32605
32627
32936
33031
33211
33218
33290
33417
33424
33987
34122
34136
34168
34213
34363
34406
34513
34597
34819
34828
35039
35084
35104
35108
35363
35382
35434
35545
35583
35656
35663
35704
35713
35822
35846
35927
36158
36339
36375
36381
36459
36551
36676
36725
36803
36959
37052
37058
37285
37418
37521
37530
37634
37747
37834
37914
37916
37989
38299
38581
38663
38717
38722
38839
39007
39112
39146
39273
39437
39531
39691
39833
39889
40169
40278
40315
40461
40463
40535
40595
40697
40916
40959
41191
41209
41219
41306
41396
41450
41505
41542
41583
41863
41930
41946
42175
42799
42811
42814
42854
42977
43121
43139
43168
43173
43180
43271
43275
43310
43362
43374
43382
43810
43839
43901
43985
44370
44430
44604
44609
44623
44644
44647
44776
44789
44821
44831
44953
45029
45038
45048
45370
45436
45543
45675
45737
45748
45780
45920
46099
46282
46520
46775
46797
46859
46993
46994
47106
47226
47397
47923
48061
48071
48268
48269
48507
48589
48663
48754
48798
49001
49057
49120
49200
49364
49624
49643
50018
50039
50113
50118
50279
50372
50423
50515
50701
50749
50792
50803
50885
50939
51004
51020
51267
51269
51447
51663
51663
51745
51815
51948
51997
52160
52232
52292
52298
52310
52459
52487
52659
52769
53017
53056
53079
53088
53117
53137
53236
53330
53398
53400
53769
53811
53818
53993
54190
54455
54505
54509
54604
54688
54711
54924
55116
55225
55261
55318
55360
55391
55609
55712
55754
55936
55974
56112
56143
56146
56170
56248
56356
56533
56609
56636
56802
56841
56939
57000
57035
57082
57092
57269
57270
57366
57395
57440
57502
57526
57599
57610
57683
57696
57762
57793
57800
57800
58164
58253
58307
58322
58467
58475
58493
58572
58587
58703
59093
59221
59322
59420
59734
59845
59847
59924
59993
60033
60116
60191
60319
60354
60386
60399
60456
60578
60834
60852
61083
61152
61550
61555
61726
61743
61758
61795
61799
61870
61883
61931
62053
62222
62269
62423
62453
62491
62701
62823
62880
63324
63327
63498
63573
63783
63850
64072
64199
64285
64365
64522
64534
64762
64789
64843
64891
64923
65323
65442
65507
65544
65628
65671
65682
65694
65721
65734
66101
66181
66236
66260
66290
66327
66331
66339
66404
66513
66682
66754
67033
67185
67438
67546
67640
67843
67853
67933
68066
68087
68308
68434
68488
68504
68618
68622
68791
68857
68882
68957
69052
69053
69083
69236
69406
69434
69471
69572
70069
70103
70130
70198
70293
70372
70405
70433
70622
70884
71206
71218
71273
71280
71683
71704
71761
71831
71852
71891
71938
72040
72062
72152
72176
72193
72287
72357
72369
72535
72553
72647
73259
73398
73421
73457
73481
74010
74347
74484
74568
74779
74855
74892
74919
74964
75113
75492
75959
76020
76094
76180
76253
76292
76482
76705
76759
76872
76910
76981
77292
77503
77520
77538
77609
77627
77671
77780
77853
77857
77891
77924
78038
78049
78205
78452
78467
78507
78560
78994
79068
79159
79225
79238
79315
79393
79460
79576
79578
79821
79850
79959
79995
80046
80072
80080
80415
80478
80557
80740
80923
80967
80976
81022
81037
81523
81626
81691
81721
81749
81867
81876
81948
82023
82216
82336
82348
82377
82380
82402
82472
82620
82675
82719
82879
82883
82893
82972
83128
83145
83175
83193
83198
83260
83453
83464
83561
83749
83764
83863
84171
84173
84195
84270
84382
84395
84473
84493
84624
84681
84722
84747
84840
84997
85072
85257
85262
85711
86162
86165
86330
86447
86636
86651
86899
86905
86969
86993
87034
87113
87152
87235
87277
87315
87365
87373
87413
87433
87558
87597
87634
87844
87939
87945
88151
88552
88750
88842
88861
89005
89041
89057
89205
89256
89522
89564
89592
89595
89736
89740
89836
89838
89878
89898
90432
90526
90720
90764
90832
90883
90884
90917
90990
91271
91350
91417
91431
91516
91516
91538
91563
91660
91689
91747
91895
91913
92214
92427
92614
92766
92998
93002
93009
93199
93363
93484
93493
93499
93610
93733
94024
94059
94204
94349
94378
94607
94742
95068
95140
95237
95268
95752
95886
95936
96074
96169
96362
96380
96424
96487
96885
96986
97026
97115
97146
97278
97286
97357
97503
97519
97661
97668
97692
97729
97786
97808
97831
97882
97900
97910
97957
98084
98280
98337
98402
98562
98572
98721
98734
99340
99527
99642
99661
99882
99896
