35382
50279
538
87113
80415
24083
32327
43275
89898
10868
92998
98562
19017
84747
98280
47226
84382
16596
33211
59924
66327
62269
75492
61870
87597
30624
1412
20968
29679
83749
8740
98402
51269
10166
20687
91538
54688
3289
93009
29611
5563
72040
32331
66331
48663
8291
47923
50372
78507
36676
1483
44644
17222
76292
89838
8315
24097
51004
94059
51745
11347
95237
55116
23805
68882
15589
90990
93499
7167
85072
53088
43374
11764
66404
30795
892
65734
83561
52232
95752
36803
86651
96487
46099
45038
84195
28072
44623
23769
49001
87844
36725
61550
39112
26315
57269
66236
13648
45048
19870
23542
64891
19752
33218
31955
32579
14720
52659
83464
14135
62423
62053
25287
35434
74347
20865
81626
712
69572
4525
36459
97357
56143
12283
78467
91563
76910
16089
87413
14228
36339
76482
97668
2954
57683
57035
8998
35663
80923
27585
27379
64072
1094
58322
9292
31173
63850
71704
51815
35846
80557
37285
17800
89878
98734
65694
10506
97900
65323
82336
15312
79159
50039
38839
7448
41505
53993
50803
84171
12644
14781
34136
17429
31440
33417
49057
38722
2918
90764
50792
61799
24653
91516
89057
20713
99340
72357
94607
50939
58587
37521
40461
69406
36375
39833
67843
15706
47106
8164
22434
1168
42814
33290
55261
75113
46859
63327
4309
58307
87277
27150
87939
12507
82023
99661
9224
11916
60399
46282
91516
57526
40278
35704
39889
28493
19075
89740
50515
96074
77924
46993
70622
35104
43173
53137
45370
55609
97026
54711
74779
42854
80080
65682
43810
37989
82472
96362
81749
13423
77503
82879
53236
97146
11852
32000
82620
78452
29882
918
65721
83863
76020
64534
28686
46520
88842
83764
52298
4907
73259
77609
91913
57502
13035
18963
88151
68791
64923
19587
81523
69053
57800
43180
15370
15428
5448
87152
35822
84997
30006
3493
74892
51948
84624
87034
33424
60386
58475
45436
64285
41930
45029
79393
93002
42977
55391
43839
3009
20333
62491
31350
55712
35927
69052
17448
11788
31376
2501
34213
69434
91431
53398
93363
37747
11643
90432
62880
18959
70103
4667
12305
81948
65671
58493
80967
71280
25846
40595
90720
10955
6293
57270
20146
30106
979
22540
80740
59093
57000
44776
87235
18758
41396
45920
94024
53017
38581
90883
77538
35583
66513
49364
80478
15249
87315
60033
97957
51020
53769
17959
77891
28310
76981
60116
28397
40463
22457
80976
73481
66101
41946
70405
74964
72062
26634
29494
43382
24166
23593
86447
93493
93610
91895
4274
61083
5472
87373
44789
86899
87634
55754
29310
90832
43362
82719
15434
4889
88861
96424
91417
7020
68308
43121
74919
99527
83175
59734
91271
5570
50113
48589
97910
15194
32217
18974
16277
98337
72193
97808
30194
16435
92766
27412
10660
6533
19593
62222
30962
82216
25044
48268
43168
94204
87365
19327
97286
20125
9085
71891
97786
7765
40959
87433
8660
78994
13300
54924
37834
12608
85257
9167
54509
63498
84395
41209
18859
42811
23901
55974
32559
79225
52769
49200
50701
4944
15549
50885
30947
61726
72535
35656
34122
2003
58703
31824
31969
68087
40315
70372
22400
68488
61743
2706
360
34513
61931
81721
83260
32627
79821
44609
43985
28448
61152
57762
61555
46775
25240
84270
59845
48754
49624
12693
68066
51997
82972
42175
3283
52459
2128
53400
44831
67853
87945
7520
43271
11578
6311
5888
82377
23401
45748
12290
91689
28552
81022
86330
89256
70433
3386
1731
19469
63783
82402
26531
39273
44953
1736
23493
97503
53818
41863
88552
46797
67933
66339
82675
25201
23664
5097
28266
45543
1328
18162
35084
34597
21778
66260
92614
71218
409
10983
15931
82883
31227
16470
60319
73421
28387
27039
26254
71273
35545
50749
60834
7189
24377
87558
24333
53079
42799
2576
31285
79576
40697
59847
94349
18891
96380
155
96169
51663
90526
67546
89564
71761
26028
63573
79578
21379
71938
35713
72287
30262
17630
86969
84722
37530
59322
27365
97882
22335
5267
74855
499
20432
78205
53117
15104
57800
14068
26744
19893
89522
4501
60578
79995
92427
7356
89205
79959
23360
54190
35108
5648
21452
16615
19504
58164
2390
54455
68622
95068
65442
57793
29961
84840
9871
12274
78038
29412
36381
62453
7167
56533
91350
21509
80046
8880
96885
77292
25200
59993
98084
74484
53811
68504
50423
10535
96986
41583
64789
69083
48269
16117
25446
28736
32936
81876
97115
27368
15647
64762
41306
32481
1008
60191
69236
66754
77853
56802
68857
64522
7333
18844
56939
89736
57366
2007
23636
28861
41542
61883
56609
83198
29290
76872
54505
24285
55936
48061
65507
43310
76180
57440
15648
20879
72647
62823
23712
67033
52310
82893
34819
33031
37916
79068
43139
76253
89005
72176
15721
67438
67640
41450
74010
65544
97692
40916
37418
49643
53330
33987
84173
89595
52292
90917
38663
57599
22608
15747
51663
31303
57610
69471
31
15792
73398
34363
95886
16549
35363
20774
61758
28431
25944
52160
97831
66682
84473
76705
40169
55225
61795
44647
84681
4713
97278
59221
30579
58253
43901
56146
79238
56248
38299
91660
9579
73457
36959
22323
39531
11165
17202
41191
74568
85262
72152
94378
39007
37058
12594
39691
83453
7843
25415
24677
62701
60456
28299
55318
82380
1558
3377
98572
19760
56841
88750
12026
34406
78049
56112
22195
97729
15479
5136
79315
86993
72553
60852
968
8978
70069
68957
79460
41219
86905
45780
68618
4668
11243
54604
84493
10588
31778
48071
51447
56636
21919
37634
202
82348
21656
25298
77627
32605
1528
60354
59420
19184
1071
64365
66290
15096
70130
1372
71852
64199
5600
57082
56170
39437
68434
30750
2726
37052
86165
36551
58572
51267
94742
57395
77520
34168
50118
93484
44430
8913
44821
338
35039
70884
97661
16592
209
81037
45737
40535
76094
28447
57092
26211
12439
14948
99642
34828
80072
93733
47397
95268
65628
75959
78560
98721
86636
4595
21719
76759
63324
83193
36158
89592
64843
38717
70198
81867
7096
92214
27538
46994
16930
8874
85711
77857
93199
99882
53056
71683
89041
52487
21026
99896
11678
71831
67185
50018
86162
28354
90884
95936
57696
17935
18444
55360
13525
58467
97519
48798
89836
66181
11398
83128
91747
77780
83145
44604
95140
10327
6752
1138
17974
79850
37914
81691
45675
31728
551
21878
70293
71206
16863
39146
56356
20735
48507
28349
77671
72369
44370
49120
